100
11 1 8
2 4 5
2 6 9
4 5 16
1 7 6
1 19 18
1 18 1
1 1 1
7 2 14
9 1 9
14 1 9
4 4 14
18 1 5
3 6 5
5 4 10
2 2 1
9 1 5
1 5 3
1 2 2
5 2 5
5 4 14
18 1 13
1 3 1
9 2 12
2 10 14
1 16 3
4 2 5
3 6 14
6 3 7
3 6 16
3 3 9
5 3 12
2 2 1
1 5 5
3 4 10
1 3 3
16 1 2
1 15 1
5 3 4
1 14 14
10 1 4
18 1 16
1 10 2
1 5 5
5 2 4
4 5 7
1 17 1
5 1 5
1 20 11
9 2 11
3 1 3
3 6 10
15 1 4
3 3 5
19 1 18
5 2 2
2 7 4
1 7 6
5 3 7
10 2 13
1 16 13
3 2 1
6 1 1
2 9 3
4 4 10
4 1 1
1 13 4
1 4 4
18 1 12
3 5 1
4 3 3
3 3 3
4 4 13
1 4 3
1 5 3
8 2 1
4 5 17
4 5 5
15 1 4
4 4 12
18 1 16
9 1 1
4 5 14
4 4 1
1 14 6
1 12 2
1 9 8
13 1 1
9 2 12
5 2 8
6 1 1
1 2 1
4 4 10
5 2 3
3 3 9
5 2 8
15 1 6
1 14 13
7 1 6
8 1 1
