100
14 1 9
1 4 4
1 6 6
13 1 13
2 10 20
1 4 1
2 1 1
10 1 5
1 18 10
2 1 1
1 10 8
1 14 14
3 5 5
4 5 14
1 17 10
5 4 16
1 15 8
3 5 14
4 4 6
5 4 16
11 1 11
2 5 2
5 4 14
1 1 1
11 1 11
6 1 5
2 10 9
1 13 4
4 2 2
1 8 3
10 2 10
1 1 1
1 9 3
1 17 2
1 5 4
3 6 17
1 3 3
1 19 13
4 4 12
8 1 8
15 1 14
20 1 3
6 3 16
2 4 5
3 1 2
1 20 8
4 4 10
2 5 8
1 12 4
2 5 2
14 1 13
3 6 8
4 4 14
1 3 2
6 3 16
1 20 2
1 2 2
1 4 1
5 4 11
5 4 10
1 15 6
3 6 4
3 2 5
3 4 10
2 2 2
1 8 7
3 2 5
2 5 9
14 1 14
1 13 1
2 1 1
10 1 10
5 2 10
4 4 10
10 1 6
3 4 4
5 1 5
20 1 17
3 3 5
1 7 6
1 8 4
3 3 9
9 1 8
3 5 9
4 3 10
4 4 5
1 15 2
1 19 2
13 1 5
3 2 2
1 17 12
1 12 12
7 2 11
1 9 9
10 1 7
1 2 1
3 5 11
4 2 3
7 2 2
1 5 5
