100
1 17 11
1 7 5
1 12 5
14 1 6
1 11 9
1 2 1
15 1 15
5 4 16
4 5 10
2 9 14
4 2 3
2 7 12
6 3 5
8 2 11
1 14 11
18 1 2
14 1 13
20 1 5
1 17 10
6 3 18
7 1 5
3 3 5
4 5 14
5 1 5
7 2 1
4 5 6
4 4 3
4 4 12
1 18 7
5 2 8
1 17 10
2 2 2
14 1 4
1 19 10
18 1 17
1 2 2
1 1 1
1 5 5
1 2 1
4 1 3
2 5 10
7 2 5
1 17 13
7 1 6
1 13 13
13 1 10
4 4 10
3 3 3
4 1 1
1 9 1
18 1 8
4 2 6
18 1 16
1 18 5
6 2 2
1 10 3
3 4 10
1 14 1
16 1 16
1 2 2
7 2 5
5 1 2
4 1 1
4 4 10
2 2 4
1 15 15
1 14 13
4 5 14
1 3 3
16 1 14
5 3 4
1 16 9
19 1 10
5 4 16
1 3 1
1 20 8
3 1 1
7 2 1
3 3 5
1 3 3
2 8 9
8 2 16
4 1 3
3 2 2
4 1 3
2 9 15
2 7 12
11 1 7
9 1 5
9 1 3
4 4 14
2 2 3
1 14 9
3 3 9
6 1 6
2 2 4
2 1 1
1 10 2
1 3 1
2 7 4
